n=2
1.6225999999999912 -0.036571428571427894 0.0003028571428571322
r=0.9991184325581398

n=3
1.699599999999928 -0.047388095238085584 0.0007153571428567872 -4.583333333329477e-06
r=0.999978513215224

n=4
1.7409999999975816 -0.055191666666213605 0.0011904166666392498 -1.608333333267299e-05 9.583333332785309e-08
r=0.9999999999999974

